373
324
494
256
337
84
332
480
417
252
74
58
359
108
96
177
117
90
5
222
51
128
33
151
159
187
380
454
332
165
105
160
88
469
94
463
77
354
91
365
467
407
126
9
236
144
456
231
283
88
169
302
53
98
380
271
451
470
321
344
216
151
484
110
270
228
286
441
446
344
217
218
424
237
112
130
62
489
137
91
281
140
315
472
148
251
100
44
215
47
112
41
350
9
192
302
496
159
98
238
347
242
291
384
214
114
225
262
136
314
146
209
229
170
469
364
45
365
61
19
314
398
373
82
248
226
343
92
448
358
140
75
43
499
62
338
114
263
34
177
331
463
462
324
152
172
77
117
217
469
129
328
133
62
20
88
121
111
20
458
388
208
109
490
453
219
457
140
74
31
463
200
265
182
117
391
13
149
278
362
299
19
367
94
224
319
169
135
91
90
120
421
244
103
142
422
393
226
8
356
393
498
48
337
137
30
59
13
24
265
345
327
233
403
11
311
169
403
76
214
418
287
84
80
387
497
81
178
369
153
310
245
413
324
90
109
458
408
385
167
258
25
456
346
351
48
294
497
32
415
12
358
450
21
367
95
36
316
454
60
60
227
366
92
187
6
458
359
47
206
402
205
415
147
244
374
100
177
96
204
382
117
128
379
32
335
240
316
145
407
395
426
324
269
69
143
433
312
49
296
255
222
150
333
443
397
41
493
213
441
367
211
268
93
5
286
310
163
340
154
32
284
131
437
431
478
32
143
342
492
59
461
353
133
149
202
253
338
355
220
302
354
386
270
359
101
131
149
218
267
362
40
499
48
424
79
339
456
302
92
270
335
148
18
481
87
329
251
96
321
341
32
418
149
386
105
170
408
264
44
76
323
456
4
332
257
237
354
188
500
330
421
37
124
342
26
401
345
223
3
10
34
74
436
189
449
281
96
192
496
402
104
292
14
375
21
29
189
194
377
500
236
402
156
268
109
254
393
378
203
127
80
380
381
109
164
228
462
352
147
218
141
222
13
122
2
359
52
201
52
12
411
313
459
387
131
489
467
401
188
282
270
262
261
414
495
312
289
48
273
55
343
272
26
64
277
476
35
109
17
357
494
30
299
182
167
64
344
302
244
240
448
468
50
314
490
273
339
415
148
